Complementary Results: =======================================================
Summary
-------------------------------------------------------
Correctly Classified Instances          :       3470	    97.912%
Incorrectly Classified Instances        :         74	     2.088%
Total Classified Instances              :       3544

=======================================================
Confusion Matrix
-------------------------------------------------------
a    	b    	c    	d    	e    	f    	g    	h    	i    	j    	k    	l    	m    	n    	o    	p    	q    	r    	s    	t    	u    	v    	w    	x    	y    	z    	ba   	bb   	bc   	bd   	be   	bf   	bg   	bh   	bi   	bj   	bk   	bl   	bm   	bn   	bo   	bp   	bq   	br   	bs   	bt   	bu   	bv   	bw   	bx   	by   	bz   	ca   	cb   	cc   	cd   	ce   	cf   	cg   	ch   	ci   	cj   	<--Classified as
51   	0    	0    	0    	0    	0    	0    	0    	0    	0    	0    	0    	0    	0    	0    	0    	0    	0    	0    	0    	0    	2    	0    	0    	0    	0    	0    	0    	0    	0    	0    	0    	0    	0    	0    	0    	0    	0    	0    	0    	0    	0    	0    	0    	0    	0    	0    	0    	0    	0    	0    	0    	0    	0    	0    	0    	0    	0    	0    	0    	0    	0    	 |  53    	a     = 102816
0    	63   	0    	0    	0    	0    	0    	0    	0    	0    	0    	0    	0    	0    	0    	0    	0    	0    	0    	0    	0    	0    	0    	0    	0    	0    	0    	0    	0    	0    	0    	0    	0    	0    	0    	0    	0    	0    	0    	0    	0    	0    	0    	0    	0    	0    	0    	0    	0    	0    	0    	0    	0    	0    	0    	0    	0    	0    	0    	0    	0    	0    	 |  63    	b     = 1048771
0    	0    	52   	0    	0    	0    	0    	0    	0    	0    	0    	0    	0    	0    	0    	0    	0    	0    	0    	0    	0    	2    	0    	0    	0    	0    	0    	0    	0    	0    	0    	0    	0    	0    	0    	0    	0    	0    	0    	0    	0    	0    	0    	0    	0    	0    	0    	0    	0    	0    	0    	0    	0    	0    	0    	0    	0    	0    	0    	0    	0    	0    	 |  54    	c     = 1111192
0    	0    	0    	58   	0    	0    	0    	0    	0    	0    	0    	0    	0    	0    	0    	0    	0    	0    	0    	0    	0    	1    	0    	0    	0    	0    	0    	0    	0    	0    	0    	0    	0    	0    	0    	0    	0    	0    	0    	0    	0    	0    	0    	0    	0    	0    	0    	0    	0    	0    	0    	0    	0    	0    	0    	0    	0    	0    	0    	0    	0    	0    	 |  59    	d     = 11228318
0    	0    	0    	0    	50   	0    	0    	0    	0    	0    	0    	0    	0    	0    	0    	0    	0    	0    	0    	0    	0    	5    	0    	0    	0    	0    	0    	0    	0    	0    	0    	0    	0    	0    	0    	0    	0    	0    	0    	0    	0    	0    	0    	0    	0    	0    	0    	0    	0    	0    	0    	0    	0    	0    	0    	0    	0    	0    	0    	0    	0    	0    	 |  55    	e     = 1132073
0    	0    	0    	0    	0    	62   	0    	0    	0    	0    	0    	0    	0    	0    	0    	0    	0    	0    	0    	0    	0    	0    	0    	0    	0    	0    	0    	0    	0    	0    	0    	0    	0    	0    	0    	0    	0    	0    	0    	0    	0    	0    	0    	0    	0    	0    	0    	0    	0    	0    	0    	0    	0    	0    	0    	0    	0    	0    	0    	0    	0    	0    	 |  62    	f     = 11423174
0    	0    	0    	0    	0    	0    	58   	0    	0    	0    	0    	0    	0    	0    	0    	0    	0    	0    	0    	0    	0    	3    	0    	0    	0    	0    	0    	0    	0    	0    	0    	0    	0    	0    	0    	0    	0    	0    	0    	0    	0    	0    	0    	0    	0    	0    	0    	0    	0    	0    	0    	0    	0    	0    	0    	0    	0    	0    	0    	0    	0    	0    	 |  61    	g     = 1162550
0    	0    	0    	0    	0    	0    	0    	60   	0    	0    	0    	0    	0    	0    	0    	0    	0    	0    	0    	0    	0    	1    	0    	0    	0    	0    	0    	0    	0    	0    	0    	0    	0    	0    	0    	0    	0    	0    	0    	0    	0    	0    	0    	0    	0    	0    	0    	0    	0    	0    	0    	0    	0    	0    	0    	0    	0    	0    	0    	0    	0    	0    	 |  61    	h     = 1173088
0    	0    	0    	0    	0    	0    	0    	0    	62   	0    	0    	0    	0    	0    	0    	0    	0    	0    	0    	0    	0    	0    	0    	0    	0    	0    	0    	0    	0    	0    	0    	0    	0    	0    	0    	0    	0    	0    	0    	0    	0    	0    	0    	0    	0    	0    	0    	0    	0    	0    	0    	0    	0    	0    	0    	0    	0    	0    	0    	0    	0    	0    	 |  62    	i     = 1219578
0    	0    	0    	0    	0    	0    	0    	0    	0    	56   	0    	0    	0    	0    	0    	0    	0    	0    	0    	0    	0    	0    	0    	0    	0    	0    	0    	0    	0    	0    	0    	0    	0    	0    	0    	0    	0    	0    	0    	0    	0    	0    	0    	0    	0    	0    	0    	0    	0    	0    	0    	0    	0    	0    	0    	0    	0    	0    	0    	0    	0    	0    	 |  56    	j     = 1293485
0    	0    	0    	0    	0    	0    	0    	0    	0    	0    	48   	0    	0    	0    	0    	0    	0    	0    	0    	0    	0    	0    	0    	0    	0    	0    	0    	0    	0    	0    	0    	0    	0    	0    	0    	0    	0    	0    	0    	0    	0    	0    	0    	0    	0    	0    	0    	0    	0    	0    	0    	0    	0    	0    	0    	0    	0    	0    	0    	0    	0    	0    	 |  48    	k     = 1355507
0    	0    	0    	0    	0    	0    	0    	0    	0    	0    	0    	53   	0    	0    	0    	0    	0    	0    	0    	0    	0    	2    	0    	0    	0    	0    	0    	0    	0    	0    	0    	0    	0    	0    	0    	0    	0    	0    	0    	0    	0    	0    	0    	0    	0    	0    	0    	0    	0    	0    	0    	0    	0    	0    	0    	0    	0    	0    	0    	0    	0    	0    	 |  55    	l     = 1391795
0    	0    	0    	0    	0    	0    	0    	0    	0    	0    	0    	0    	63   	0    	0    	0    	0    	0    	0    	0    	0    	0    	0    	0    	0    	0    	0    	0    	0    	0    	0    	0    	0    	0    	0    	0    	0    	0    	0    	0    	0    	0    	0    	0    	0    	0    	0    	0    	0    	0    	0    	0    	0    	0    	0    	0    	0    	0    	0    	0    	0    	0    	 |  63    	m     = 1399158
0    	0    	0    	0    	0    	0    	0    	0    	0    	0    	0    	0    	0    	58   	0    	0    	0    	0    	0    	0    	0    	0    	0    	0    	0    	0    	0    	0    	0    	0    	0    	0    	0    	0    	0    	0    	0    	0    	0    	0    	0    	0    	0    	0    	0    	0    	0    	0    	0    	0    	0    	0    	0    	0    	0    	0    	0    	0    	0    	0    	0    	0    	 |  58    	n     = 1406078
0    	0    	0    	0    	0    	0    	0    	0    	0    	0    	0    	0    	0    	0    	58   	0    	0    	0    	0    	0    	0    	0    	0    	0    	0    	0    	0    	0    	0    	0    	0    	0    	0    	0    	0    	0    	0    	0    	0    	0    	0    	0    	0    	0    	0    	0    	0    	0    	0    	0    	0    	0    	0    	0    	0    	0    	0    	0    	0    	0    	0    	0    	 |  58    	o     = 1416505
0    	0    	0    	0    	0    	0    	0    	0    	0    	0    	0    	0    	0    	0    	0    	55   	0    	0    	0    	0    	0    	0    	0    	0    	0    	0    	0    	0    	0    	0    	0    	0    	0    	0    	0    	0    	0    	0    	0    	0    	0    	0    	0    	0    	0    	0    	0    	0    	0    	0    	0    	0    	0    	0    	0    	0    	0    	0    	0    	0    	0    	0    	 |  55    	p     = 1532177
0    	0    	0    	0    	0    	0    	0    	0    	0    	0    	0    	0    	0    	0    	0    	0    	64   	0    	0    	0    	0    	0    	0    	0    	0    	0    	0    	0    	0    	0    	0    	0    	0    	0    	0    	0    	0    	0    	0    	0    	0    	0    	0    	0    	0    	0    	0    	0    	0    	0    	0    	0    	0    	0    	0    	0    	0    	0    	0    	0    	0    	0    	 |  64    	q     = 1609079
0    	0    	0    	0    	0    	0    	0    	0    	0    	0    	0    	0    	0    	0    	2    	0    	0    	55   	0    	0    	0    	0    	0    	0    	0    	0    	0    	0    	0    	0    	0    	0    	0    	0    	0    	0    	0    	0    	0    	0    	0    	0    	0    	0    	0    	0    	0    	0    	0    	0    	0    	0    	0    	0    	0    	0    	0    	0    	0    	0    	0    	0    	 |  57    	r     = 15896852
0    	0    	0    	0    	0    	0    	0    	0    	0    	0    	0    	0    	0    	0    	0    	0    	0    	0    	53   	0    	0    	1    	0    	0    	0    	0    	0    	0    	0    	0    	0    	0    	0    	0    	0    	0    	0    	0    	0    	0    	0    	0    	0    	0    	0    	0    	0    	0    	0    	0    	0    	0    	0    	0    	0    	0    	0    	0    	0    	0    	0    	0    	 |  54    	s     = 2020269
0    	0    	0    	0    	0    	0    	0    	0    	0    	0    	0    	0    	0    	0    	0    	0    	0    	0    	0    	55   	0    	3    	0    	0    	0    	0    	0    	0    	0    	0    	0    	0    	0    	0    	0    	0    	0    	0    	0    	0    	0    	0    	0    	0    	0    	0    	0    	0    	0    	0    	0    	0    	0    	0    	0    	0    	0    	0    	0    	0    	0    	0    	 |  58    	t     = 1617546
0    	0    	0    	0    	0    	0    	0    	0    	0    	1    	0    	0    	0    	0    	1    	0    	0    	0    	0    	0    	51   	3    	0    	0    	0    	0    	0    	0    	0    	0    	0    	0    	0    	0    	0    	0    	0    	0    	0    	0    	0    	0    	0    	0    	0    	0    	0    	0    	0    	0    	0    	0    	0    	0    	0    	0    	0    	0    	0    	0    	0    	0    	 |  56    	u     = 2171244
0    	0    	0    	0    	0    	0    	0    	0    	0    	0    	0    	0    	0    	0    	0    	0    	0    	0    	0    	0    	0    	61   	0    	0    	0    	0    	0    	0    	0    	0    	0    	0    	0    	0    	0    	0    	0    	0    	0    	0    	0    	0    	0    	0    	0    	0    	0    	0    	0    	0    	0    	0    	0    	0    	0    	0    	0    	0    	0    	0    	0    	0    	 |  61    	v     = 2093818
0    	0    	0    	0    	0    	0    	0    	0    	0    	0    	0    	0    	0    	0    	0    	0    	0    	0    	0    	0    	0    	0    	54   	0    	0    	0    	0    	0    	0    	0    	0    	0    	0    	0    	0    	0    	0    	0    	0    	0    	0    	0    	0    	0    	0    	0    	0    	0    	0    	0    	0    	0    	0    	0    	0    	0    	0    	0    	0    	0    	0    	0    	 |  54    	w     = 2467618
0    	0    	0    	0    	0    	0    	0    	0    	0    	0    	0    	0    	0    	0    	0    	0    	0    	0    	0    	0    	0    	0    	0    	59   	0    	0    	0    	0    	0    	0    	0    	0    	0    	0    	0    	0    	0    	0    	0    	0    	0    	0    	0    	0    	0    	0    	0    	0    	0    	0    	0    	0    	0    	0    	0    	0    	0    	0    	0    	0    	0    	0    	 |  59    	x     = 2248099
0    	0    	0    	0    	0    	0    	0    	0    	0    	0    	0    	0    	0    	0    	0    	0    	0    	0    	0    	0    	0    	0    	0    	0    	55   	0    	0    	0    	0    	0    	0    	0    	0    	0    	0    	0    	0    	0    	0    	0    	0    	0    	0    	0    	0    	0    	0    	0    	0    	0    	0    	0    	0    	0    	0    	0    	0    	0    	0    	0    	0    	0    	 |  55    	y     = 2488512
0    	0    	0    	0    	0    	0    	0    	0    	0    	0    	0    	0    	0    	0    	0    	0    	0    	0    	0    	0    	0    	0    	0    	0    	0    	56   	0    	0    	0    	0    	0    	0    	0    	0    	0    	0    	0    	0    	0    	0    	0    	0    	0    	0    	0    	0    	0    	0    	0    	0    	0    	0    	0    	0    	0    	0    	0    	0    	0    	0    	0    	0    	 |  56    	z     = 2483625
0    	0    	0    	0    	0    	0    	0    	0    	0    	0    	0    	0    	0    	0    	0    	0    	0    	0    	0    	0    	0    	0    	0    	0    	0    	0    	56   	0    	0    	0    	0    	0    	0    	0    	0    	0    	0    	0    	0    	0    	0    	0    	0    	0    	0    	0    	0    	0    	0    	0    	0    	0    	0    	0    	0    	0    	0    	0    	0    	0    	0    	0    	 |  56    	ba    = 2567136
0    	0    	0    	0    	0    	0    	0    	0    	0    	0    	0    	0    	0    	0    	0    	0    	0    	0    	0    	0    	0    	0    	0    	0    	0    	0    	0    	57   	0    	0    	0    	0    	0    	0    	0    	0    	0    	0    	0    	0    	0    	0    	0    	0    	0    	0    	0    	0    	0    	0    	0    	0    	0    	0    	0    	0    	0    	0    	0    	0    	0    	0    	 |  57    	bb    = 2542703
0    	0    	0    	0    	0    	0    	0    	0    	0    	0    	0    	0    	0    	0    	0    	0    	0    	0    	0    	0    	0    	1    	0    	0    	0    	0    	0    	0    	46   	0    	0    	0    	0    	0    	0    	0    	0    	0    	0    	0    	0    	0    	0    	0    	0    	0    	0    	0    	0    	0    	0    	0    	0    	0    	0    	0    	0    	0    	0    	0    	0    	0    	 |  47    	bc    = 2707735
0    	0    	0    	0    	0    	0    	0    	0    	0    	0    	0    	0    	0    	0    	0    	0    	0    	0    	0    	0    	0    	0    	0    	0    	0    	0    	0    	0    	0    	57   	0    	0    	0    	0    	0    	0    	0    	0    	0    	0    	0    	0    	0    	0    	0    	0    	0    	0    	0    	0    	0    	0    	0    	0    	0    	0    	0    	0    	0    	0    	0    	0    	 |  57    	bd    = 2626332
0    	0    	0    	0    	0    	0    	0    	0    	0    	0    	0    	0    	0    	0    	0    	0    	0    	0    	0    	0    	0    	0    	0    	0    	0    	0    	0    	0    	0    	0    	59   	0    	0    	0    	0    	0    	0    	0    	0    	0    	0    	0    	0    	0    	0    	0    	0    	0    	0    	0    	0    	0    	0    	0    	0    	0    	0    	0    	0    	0    	0    	0    	 |  59    	be    = 2911571
0    	0    	0    	0    	0    	0    	0    	0    	0    	0    	0    	0    	0    	0    	0    	0    	0    	0    	0    	0    	0    	0    	0    	0    	0    	0    	0    	0    	0    	0    	0    	56   	0    	0    	0    	0    	0    	0    	0    	0    	0    	0    	0    	0    	0    	0    	0    	0    	0    	0    	0    	0    	0    	0    	0    	0    	0    	0    	0    	0    	0    	0    	 |  56    	bf    = 2721657
0    	0    	0    	0    	0    	0    	0    	0    	0    	0    	0    	0    	0    	0    	0    	0    	0    	0    	0    	0    	0    	0    	0    	0    	0    	0    	0    	0    	0    	0    	0    	0    	59   	0    	0    	0    	0    	0    	0    	0    	0    	0    	0    	0    	0    	0    	0    	0    	0    	0    	0    	0    	0    	0    	0    	0    	0    	0    	0    	0    	0    	0    	 |  59    	bg    = 3109237
0    	0    	0    	0    	0    	0    	0    	0    	0    	0    	0    	0    	0    	0    	0    	0    	0    	0    	0    	0    	0    	0    	0    	0    	0    	0    	0    	0    	0    	0    	0    	0    	0    	55   	0    	0    	0    	0    	0    	0    	0    	0    	0    	0    	0    	0    	0    	0    	0    	0    	0    	0    	0    	0    	0    	0    	0    	0    	0    	0    	0    	0    	 |  55    	bh    = 317399
0    	0    	0    	0    	0    	0    	0    	0    	0    	0    	0    	0    	0    	0    	0    	0    	0    	0    	0    	0    	0    	0    	0    	0    	0    	0    	0    	0    	0    	0    	0    	0    	0    	0    	58   	0    	0    	0    	0    	0    	0    	0    	0    	0    	0    	0    	0    	0    	0    	0    	0    	0    	0    	0    	0    	0    	0    	0    	0    	0    	0    	0    	 |  58    	bi    = 306861
0    	0    	0    	0    	0    	0    	0    	0    	0    	0    	0    	0    	0    	0    	0    	0    	0    	0    	0    	0    	0    	0    	0    	0    	0    	0    	0    	0    	0    	0    	0    	0    	0    	0    	0    	55   	0    	0    	0    	0    	0    	0    	0    	0    	0    	0    	0    	0    	0    	0    	0    	0    	0    	0    	0    	0    	0    	0    	0    	0    	0    	0    	 |  55    	bj    = 3079504
0    	0    	0    	0    	0    	0    	0    	0    	0    	0    	0    	0    	0    	0    	0    	0    	0    	0    	0    	0    	0    	1    	0    	0    	0    	0    	0    	0    	0    	0    	0    	0    	0    	0    	0    	0    	52   	0    	0    	0    	0    	0    	0    	0    	0    	0    	0    	0    	0    	0    	0    	0    	0    	0    	0    	0    	0    	0    	0    	0    	0    	0    	 |  53    	bk    = 33913
0    	0    	0    	0    	0    	0    	0    	0    	0    	0    	0    	0    	0    	0    	0    	0    	0    	0    	0    	0    	0    	3    	0    	0    	0    	0    	0    	0    	0    	0    	0    	0    	0    	0    	0    	0    	0    	53   	0    	0    	0    	0    	0    	0    	0    	0    	0    	0    	0    	0    	0    	0    	0    	0    	0    	0    	0    	0    	0    	0    	0    	0    	 |  56    	bl    = 342623
0    	0    	0    	0    	0    	0    	0    	0    	0    	0    	0    	0    	0    	0    	0    	0    	0    	0    	0    	0    	0    	0    	0    	0    	0    	0    	0    	0    	0    	0    	0    	0    	0    	0    	0    	0    	0    	0    	58   	0    	0    	0    	0    	0    	0    	0    	0    	0    	0    	0    	0    	0    	0    	0    	0    	0    	0    	0    	0    	0    	0    	0    	 |  58    	bm    = 3223254
0    	0    	0    	0    	0    	0    	0    	0    	0    	0    	0    	0    	0    	0    	0    	0    	0    	0    	0    	0    	0    	0    	0    	0    	0    	0    	0    	0    	0    	0    	0    	0    	0    	0    	0    	0    	0    	0    	0    	60   	0    	0    	0    	0    	0    	0    	0    	0    	0    	0    	0    	0    	0    	0    	0    	0    	0    	0    	0    	0    	0    	0    	 |  60    	bn    = 3280905
0    	0    	0    	0    	0    	0    	0    	0    	0    	0    	0    	0    	0    	0    	0    	0    	0    	0    	0    	0    	0    	5    	0    	0    	0    	0    	0    	0    	0    	0    	0    	0    	0    	0    	0    	0    	0    	0    	0    	0    	48   	0    	0    	0    	0    	0    	0    	0    	0    	0    	0    	0    	0    	0    	0    	0    	0    	0    	0    	0    	0    	0    	 |  53    	bo    = 391152
0    	0    	0    	0    	0    	0    	0    	0    	0    	0    	0    	0    	0    	0    	0    	0    	0    	0    	0    	0    	0    	0    	0    	0    	0    	0    	0    	0    	0    	0    	0    	0    	0    	0    	0    	0    	0    	0    	0    	0    	0    	60   	0    	0    	0    	0    	0    	0    	0    	0    	0    	0    	0    	0    	0    	0    	0    	0    	0    	0    	0    	0    	 |  60    	bp    = 4248714
0    	0    	0    	0    	0    	0    	0    	0    	0    	0    	0    	0    	0    	0    	0    	0    	0    	0    	0    	0    	0    	0    	0    	0    	0    	0    	0    	0    	0    	0    	0    	0    	0    	0    	0    	0    	0    	0    	0    	0    	0    	0    	54   	0    	0    	0    	0    	0    	0    	0    	0    	0    	0    	0    	0    	0    	0    	0    	0    	0    	0    	0    	 |  54    	bq    = 3717154
0    	0    	0    	0    	0    	0    	0    	0    	0    	0    	0    	0    	0    	0    	1    	0    	0    	0    	0    	0    	0    	12   	0    	0    	0    	0    	0    	0    	0    	0    	0    	0    	0    	0    	0    	0    	0    	0    	0    	0    	0    	0    	0    	39   	0    	0    	0    	0    	0    	0    	0    	0    	0    	0    	0    	0    	0    	0    	0    	0    	0    	0    	 |  52    	br    = 386241
0    	0    	0    	0    	0    	0    	0    	0    	0    	0    	0    	0    	0    	0    	0    	0    	0    	0    	0    	0    	0    	0    	0    	0    	0    	0    	0    	0    	0    	0    	0    	0    	0    	0    	0    	0    	0    	0    	0    	0    	0    	0    	0    	0    	57   	0    	0    	0    	0    	0    	0    	0    	0    	0    	0    	0    	0    	0    	0    	0    	0    	0    	 |  57    	bs    = 453068
0    	0    	0    	0    	0    	0    	0    	0    	0    	0    	0    	0    	0    	0    	0    	0    	0    	0    	0    	0    	0    	3    	0    	0    	0    	0    	0    	0    	0    	0    	0    	0    	0    	0    	0    	0    	0    	0    	0    	0    	0    	0    	0    	0    	0    	53   	0    	0    	0    	0    	0    	0    	0    	0    	0    	0    	0    	0    	0    	0    	0    	0    	 |  56    	bt    = 453228
0    	0    	0    	0    	0    	0    	0    	0    	0    	1    	0    	0    	0    	0    	1    	0    	0    	0    	0    	0    	0    	1    	0    	0    	0    	0    	0    	0    	0    	0    	0    	0    	0    	0    	0    	0    	0    	0    	0    	0    	0    	0    	0    	0    	0    	0    	45   	0    	0    	0    	0    	0    	0    	0    	0    	0    	0    	0    	0    	0    	0    	0    	 |  48    	bu    = 4445210
0    	0    	0    	0    	0    	0    	0    	0    	0    	0    	0    	0    	0    	0    	0    	0    	0    	0    	0    	0    	0    	2    	0    	0    	0    	0    	0    	0    	0    	0    	0    	0    	0    	0    	0    	0    	0    	0    	0    	0    	0    	0    	0    	0    	0    	0    	0    	51   	0    	0    	0    	0    	0    	0    	0    	0    	0    	0    	0    	0    	0    	0    	 |  53    	bv    = 449021
0    	0    	0    	0    	0    	0    	0    	0    	0    	0    	0    	0    	0    	0    	0    	0    	0    	0    	0    	0    	0    	0    	0    	0    	0    	0    	0    	0    	0    	0    	0    	0    	0    	0    	0    	0    	0    	0    	0    	0    	0    	0    	0    	0    	0    	0    	0    	0    	53   	0    	0    	0    	0    	0    	0    	0    	0    	0    	0    	0    	0    	0    	 |  53    	bw    = 562732
0    	0    	0    	0    	0    	0    	0    	0    	0    	0    	0    	0    	0    	0    	0    	0    	0    	0    	0    	0    	0    	0    	0    	0    	0    	0    	0    	0    	0    	0    	0    	0    	0    	0    	0    	0    	0    	0    	0    	0    	0    	0    	0    	0    	0    	0    	0    	0    	0    	64   	0    	0    	0    	0    	0    	0    	0    	0    	0    	0    	0    	0    	 |  64    	bx    = 4888011
0    	0    	0    	0    	0    	0    	0    	0    	0    	0    	0    	0    	0    	0    	0    	0    	0    	0    	0    	0    	0    	0    	0    	0    	0    	0    	0    	0    	0    	0    	0    	0    	0    	0    	0    	0    	0    	0    	0    	0    	0    	0    	0    	0    	0    	0    	0    	0    	0    	0    	62   	0    	0    	0    	0    	0    	0    	0    	0    	0    	0    	0    	 |  62    	by    = 463200
0    	0    	0    	0    	0    	0    	0    	0    	0    	0    	0    	0    	0    	0    	0    	0    	0    	0    	0    	0    	0    	8    	0    	1    	0    	0    	0    	0    	0    	0    	0    	0    	0    	0    	0    	0    	0    	0    	0    	0    	0    	0    	0    	0    	0    	0    	0    	0    	0    	0    	0    	41   	0    	0    	0    	0    	0    	0    	0    	0    	0    	0    	 |  50    	bz    = 4532636
0    	0    	0    	0    	0    	0    	0    	0    	0    	0    	0    	0    	0    	0    	0    	0    	0    	0    	0    	0    	0    	0    	0    	0    	0    	0    	0    	0    	0    	0    	0    	0    	0    	0    	0    	0    	0    	0    	0    	0    	0    	0    	0    	0    	0    	0    	0    	0    	0    	0    	0    	0    	61   	0    	0    	0    	0    	0    	0    	0    	0    	0    	 |  61    	ca    = 7743887
0    	0    	0    	0    	0    	0    	0    	0    	0    	0    	0    	0    	0    	0    	0    	0    	0    	0    	0    	0    	0    	0    	0    	0    	0    	0    	0    	0    	0    	0    	0    	0    	0    	0    	0    	0    	0    	0    	0    	0    	0    	0    	0    	0    	0    	0    	0    	0    	0    	0    	0    	0    	0    	65   	0    	0    	0    	0    	0    	0    	0    	0    	 |  65    	cb    = 70535
0    	0    	0    	0    	0    	0    	0    	0    	0    	0    	0    	0    	0    	0    	0    	0    	0    	0    	0    	0    	0    	0    	0    	0    	0    	0    	0    	0    	0    	0    	0    	0    	0    	0    	0    	0    	0    	0    	0    	0    	0    	0    	0    	0    	0    	0    	0    	0    	0    	0    	0    	0    	0    	0    	61   	0    	0    	0    	0    	0    	0    	0    	 |  61    	cc    = 663392
0    	0    	0    	0    	0    	0    	0    	0    	0    	0    	0    	0    	0    	0    	0    	0    	0    	0    	0    	0    	0    	3    	0    	0    	0    	0    	0    	0    	0    	0    	0    	0    	0    	0    	0    	0    	0    	0    	0    	0    	0    	0    	0    	0    	0    	0    	0    	0    	0    	0    	0    	0    	0    	0    	0    	58   	0    	0    	0    	0    	0    	0    	 |  61    	cd    = 583640
0    	0    	0    	0    	0    	0    	0    	0    	0    	0    	0    	0    	0    	0    	0    	0    	0    	0    	0    	0    	0    	0    	0    	0    	0    	0    	0    	0    	0    	0    	0    	0    	0    	0    	0    	0    	0    	0    	0    	0    	0    	0    	0    	0    	0    	0    	0    	0    	0    	0    	0    	0    	0    	0    	0    	0    	66   	0    	0    	0    	0    	0    	 |  66    	ce    = 865972
0    	0    	0    	0    	0    	0    	0    	0    	0    	0    	0    	0    	0    	0    	0    	0    	0    	0    	0    	0    	0    	0    	0    	0    	0    	0    	0    	0    	0    	0    	0    	0    	0    	0    	0    	0    	0    	0    	0    	0    	0    	0    	0    	0    	0    	0    	0    	0    	0    	0    	0    	0    	0    	0    	0    	0    	0    	52   	0    	0    	0    	0    	 |  52    	cf    = 8239592
0    	0    	0    	0    	0    	0    	0    	0    	0    	0    	0    	0    	0    	0    	0    	0    	0    	0    	0    	0    	0    	0    	0    	0    	0    	0    	0    	0    	0    	0    	0    	0    	0    	0    	0    	0    	0    	0    	0    	0    	0    	0    	0    	0    	0    	0    	0    	0    	0    	0    	0    	0    	0    	0    	0    	0    	0    	0    	63   	0    	0    	0    	 |  63    	cg    = 819382
0    	0    	0    	0    	0    	0    	0    	0    	0    	0    	0    	0    	0    	0    	0    	0    	0    	0    	0    	0    	0    	0    	0    	0    	0    	0    	0    	0    	0    	0    	0    	0    	0    	0    	0    	0    	0    	0    	0    	0    	0    	0    	0    	0    	0    	0    	0    	0    	0    	0    	0    	0    	0    	0    	0    	0    	0    	0    	0    	62   	0    	0    	 |  62    	ch    = 783721
0    	0    	0    	0    	0    	0    	0    	0    	0    	0    	0    	0    	0    	0    	0    	0    	0    	0    	0    	0    	0    	0    	0    	0    	0    	0    	0    	0    	0    	0    	0    	0    	0    	0    	0    	0    	0    	0    	0    	0    	0    	0    	0    	0    	0    	0    	0    	0    	0    	0    	0    	0    	0    	0    	0    	0    	0    	0    	0    	0    	55   	0    	 |  55    	ci    = 9938570
0    	0    	0    	0    	0    	0    	0    	0    	0    	0    	0    	0    	0    	0    	0    	0    	0    	0    	0    	0    	0    	2    	0    	0    	0    	0    	0    	0    	0    	0    	0    	0    	0    	0    	0    	0    	0    	0    	0    	0    	0    	0    	0    	0    	1    	0    	0    	0    	0    	0    	0    	0    	0    	0    	0    	0    	0    	0    	1    	0    	0    	49   	 |  53    	cj    = 989035
